 7

  0 71 11 29 82 82  6
 71  0 74 30 89 76 76
 11 74  0  1 50  4 36
 29 30  1  0  1 15 11
 82 89 50  1  0 21 61
 82 76  4 15 21  0 76
  6 76 36 11 61 76  0

  0 21 95 82 56 41  6
 21  0 63  6 44 40 75
 95 63  0 35  9  1 85
 82  6 35  0 26 91 11
 56 44  9 26  0 69 56
 41 40  1 91 69  0 59
  6 75 85 11 56 59  0
